# Created by Octave 4.2.2, Tue Nov 12 21:02:47 2019 CET <oem@lucamachine>
# name: coord
# type: matrix
# rows: 441
# columns: 2
 0 0
 0.1 0
 0.2 0
 0.3 0
 0.4 0
 0.5 0
 0.6000000000000001 0
 0.7000000000000001 0
 0.8 0
 0.9 0
 1 0
 0 0.2
 0.1 0.2
 0.2 0.2
 0.3 0.2
 0.4 0.2
 0.5 0.2
 0.6000000000000001 0.2
 0.7000000000000001 0.2
 0.8 0.2
 0.9 0.2
 1 0.2
 0 0.4
 0.1 0.4
 0.2 0.4
 0.3 0.4
 0.4 0.4
 0.5 0.4
 0.6000000000000001 0.4
 0.7000000000000001 0.4
 0.8 0.4
 0.9 0.4
 1 0.4
 0 0.6000000000000001
 0.1 0.6000000000000001
 0.2 0.6000000000000001
 0.3 0.6000000000000001
 0.4 0.6000000000000001
 0.5 0.6000000000000001
 0.6000000000000001 0.6000000000000001
 0.7000000000000001 0.6000000000000001
 0.8 0.6000000000000001
 0.9 0.6000000000000001
 1 0.6000000000000001
 0 0.8
 0.1 0.8
 0.2 0.8
 0.3 0.8
 0.4 0.8
 0.5 0.8
 0.6000000000000001 0.8
 0.7000000000000001 0.8
 0.8 0.8
 0.9 0.8
 1 0.8
 0 1
 0.1 1
 0.2 1
 0.3 1
 0.4 1
 0.5 1
 0.6000000000000001 1
 0.7000000000000001 1
 0.8 1
 0.9 1
 1 1
 0 1.2
 0.1 1.2
 0.2 1.2
 0.3 1.2
 0.4 1.2
 0.5 1.2
 0.6000000000000001 1.2
 0.7000000000000001 1.2
 0.8 1.2
 0.9 1.2
 1 1.2
 0 1.4
 0.1 1.4
 0.2 1.4
 0.3 1.4
 0.4 1.4
 0.5 1.4
 0.6000000000000001 1.4
 0.7000000000000001 1.4
 0.8 1.4
 0.9 1.4
 1 1.4
 0 1.6
 0.1 1.6
 0.2 1.6
 0.3 1.6
 0.4 1.6
 0.5 1.6
 0.6000000000000001 1.6
 0.7000000000000001 1.6
 0.8 1.6
 0.9 1.6
 1 1.6
 0 1.8
 0.1 1.8
 0.2 1.8
 0.3 1.8
 0.4 1.8
 0.5 1.8
 0.6000000000000001 1.8
 0.7000000000000001 1.8
 0.8 1.8
 0.9 1.8
 1 1.8
 0 2
 0.1 2
 0.2 2
 0.3 2
 0.4 2
 0.5 2
 0.6000000000000001 2
 0.7000000000000001 2
 0.8 2
 0.9 2
 1 2
 0.05 0
 0.15 0
 0.25 0
 0.35 0
 0.45 0
 0.55 0
 0.6500000000000001 0
 0.7500000000000001 0
 0.8500000000000001 0
 0.9500000000000001 0
 0.05 0.2
 0.15 0.2
 0.25 0.2
 0.35 0.2
 0.45 0.2
 0.55 0.2
 0.6500000000000001 0.2
 0.7500000000000001 0.2
 0.8500000000000001 0.2
 0.9500000000000001 0.2
 0.05 0.4
 0.15 0.4
 0.25 0.4
 0.35 0.4
 0.45 0.4
 0.55 0.4
 0.6500000000000001 0.4
 0.7500000000000001 0.4
 0.8500000000000001 0.4
 0.9500000000000001 0.4
 0.05 0.6000000000000001
 0.15 0.6000000000000001
 0.25 0.6000000000000001
 0.35 0.6000000000000001
 0.45 0.6000000000000001
 0.55 0.6000000000000001
 0.6500000000000001 0.6000000000000001
 0.7500000000000001 0.6000000000000001
 0.8500000000000001 0.6000000000000001
 0.9500000000000001 0.6000000000000001
 0.05 0.8
 0.15 0.8
 0.25 0.8
 0.35 0.8
 0.45 0.8
 0.55 0.8
 0.6500000000000001 0.8
 0.7500000000000001 0.8
 0.8500000000000001 0.8
 0.9500000000000001 0.8
 0.05 1
 0.15 1
 0.25 1
 0.35 1
 0.45 1
 0.55 1
 0.6500000000000001 1
 0.7500000000000001 1
 0.8500000000000001 1
 0.9500000000000001 1
 0.05 1.2
 0.15 1.2
 0.25 1.2
 0.35 1.2
 0.45 1.2
 0.55 1.2
 0.6500000000000001 1.2
 0.7500000000000001 1.2
 0.8500000000000001 1.2
 0.9500000000000001 1.2
 0.05 1.4
 0.15 1.4
 0.25 1.4
 0.35 1.4
 0.45 1.4
 0.55 1.4
 0.6500000000000001 1.4
 0.7500000000000001 1.4
 0.8500000000000001 1.4
 0.9500000000000001 1.4
 0.05 1.6
 0.15 1.6
 0.25 1.6
 0.35 1.6
 0.45 1.6
 0.55 1.6
 0.6500000000000001 1.6
 0.7500000000000001 1.6
 0.8500000000000001 1.6
 0.9500000000000001 1.6
 0.05 1.8
 0.15 1.8
 0.25 1.8
 0.35 1.8
 0.45 1.8
 0.55 1.8
 0.6500000000000001 1.8
 0.7500000000000001 1.8
 0.8500000000000001 1.8
 0.9500000000000001 1.8
 0.05 2
 0.15 2
 0.25 2
 0.35 2
 0.45 2
 0.55 2
 0.6500000000000001 2
 0.7500000000000001 2
 0.8500000000000001 2
 0.9500000000000001 2
 0 0.1
 0.05 0.1
 0.1 0.1
 0.15 0.1
 0.2 0.1
 0.25 0.1
 0.3 0.1
 0.35 0.1
 0.4 0.1
 0.45 0.1
 0.5 0.1
 0.55 0.1
 0.6000000000000001 0.1
 0.65 0.1
 0.7000000000000001 0.1
 0.75 0.1
 0.8 0.1
 0.8500000000000001 0.1
 0.9 0.1
 0.9500000000000001 0.1
 1 0.1
 0 0.3
 0.05 0.3
 0.1 0.3
 0.15 0.3
 0.2 0.3
 0.25 0.3
 0.3 0.3
 0.35 0.3
 0.4 0.3
 0.45 0.3
 0.5 0.3
 0.55 0.3
 0.6000000000000001 0.3
 0.65 0.3
 0.7000000000000001 0.3
 0.75 0.3
 0.8 0.3
 0.8500000000000001 0.3
 0.9 0.3
 0.9500000000000001 0.3
 1 0.3
 0 0.5
 0.05 0.5
 0.1 0.5
 0.15 0.5
 0.2 0.5
 0.25 0.5
 0.3 0.5
 0.35 0.5
 0.4 0.5
 0.45 0.5
 0.5 0.5
 0.55 0.5
 0.6000000000000001 0.5
 0.65 0.5
 0.7000000000000001 0.5
 0.75 0.5
 0.8 0.5
 0.8500000000000001 0.5
 0.9 0.5
 0.9500000000000001 0.5
 1 0.5
 0 0.7000000000000001
 0.05 0.7000000000000001
 0.1 0.7000000000000001
 0.15 0.7000000000000001
 0.2 0.7000000000000001
 0.25 0.7000000000000001
 0.3 0.7000000000000001
 0.35 0.7000000000000001
 0.4 0.7000000000000001
 0.45 0.7000000000000001
 0.5 0.7000000000000001
 0.55 0.7000000000000001
 0.6000000000000001 0.7000000000000001
 0.65 0.7000000000000001
 0.7000000000000001 0.7000000000000001
 0.75 0.7000000000000001
 0.8 0.7000000000000001
 0.8500000000000001 0.7000000000000001
 0.9 0.7000000000000001
 0.9500000000000001 0.7000000000000001
 1 0.7000000000000001
 0 0.9
 0.05 0.9
 0.1 0.9
 0.15 0.9
 0.2 0.9
 0.25 0.9
 0.3 0.9
 0.35 0.9
 0.4 0.9
 0.45 0.9
 0.5 0.9
 0.55 0.9
 0.6000000000000001 0.9
 0.65 0.9
 0.7000000000000001 0.9
 0.75 0.9
 0.8 0.9
 0.8500000000000001 0.9
 0.9 0.9
 0.9500000000000001 0.9
 1 0.9
 0 1.1
 0.05 1.1
 0.1 1.1
 0.15 1.1
 0.2 1.1
 0.25 1.1
 0.3 1.1
 0.35 1.1
 0.4 1.1
 0.45 1.1
 0.5 1.1
 0.55 1.1
 0.6000000000000001 1.1
 0.65 1.1
 0.7000000000000001 1.1
 0.75 1.1
 0.8 1.1
 0.8500000000000001 1.1
 0.9 1.1
 0.9500000000000001 1.1
 1 1.1
 0 1.3
 0.05 1.3
 0.1 1.3
 0.15 1.3
 0.2 1.3
 0.25 1.3
 0.3 1.3
 0.35 1.3
 0.4 1.3
 0.45 1.3
 0.5 1.3
 0.55 1.3
 0.6000000000000001 1.3
 0.65 1.3
 0.7000000000000001 1.3
 0.75 1.3
 0.8 1.3
 0.8500000000000001 1.3
 0.9 1.3
 0.9500000000000001 1.3
 1 1.3
 0 1.5
 0.05 1.5
 0.1 1.5
 0.15 1.5
 0.2 1.5
 0.25 1.5
 0.3 1.5
 0.35 1.5
 0.4 1.5
 0.45 1.5
 0.5 1.5
 0.55 1.5
 0.6000000000000001 1.5
 0.65 1.5
 0.7000000000000001 1.5
 0.75 1.5
 0.8 1.5
 0.8500000000000001 1.5
 0.9 1.5
 0.9500000000000001 1.5
 1 1.5
 0 1.7
 0.05 1.7
 0.1 1.7
 0.15 1.7
 0.2 1.7
 0.25 1.7
 0.3 1.7
 0.35 1.7
 0.4 1.7
 0.45 1.7
 0.5 1.7
 0.55 1.7
 0.6000000000000001 1.7
 0.65 1.7
 0.7000000000000001 1.7
 0.75 1.7
 0.8 1.7
 0.8500000000000001 1.7
 0.9 1.7
 0.9500000000000001 1.7
 1 1.7
 0 1.9
 0.05 1.9
 0.1 1.9
 0.15 1.9
 0.2 1.9
 0.25 1.9
 0.3 1.9
 0.35 1.9
 0.4 1.9
 0.45 1.9
 0.5 1.9
 0.55 1.9
 0.6000000000000001 1.9
 0.65 1.9
 0.7000000000000001 1.9
 0.75 1.9
 0.8 1.9
 0.8500000000000001 1.9
 0.9 1.9
 0.9500000000000001 1.9
 1 1.9


